3804986.657
dist 1034.442 941.686 821.3476 800.5225 681.2068 423.3161 336.3277 201.8211 197.5499 276.3813 62.82767 136.3678 0 178.6131 369.8167 260.1476 313.6008 595.4815 153.4974 203.77 246.5401 282.6097 326.7758 384.22 469.7601 541.9118 600.692 652.861 727.8566 819.5005 903.0278 968.5963 1107.627 1045.207 984.7415 1105.177 
prev 1 2 4 4 5 6 11 -1 11 8 -1 -1 -1 -1 13 13 15 16 10 18 19 20 21 22 23 24 25 26 26 28 26 26 31 30 30 34 
Q 0 -1 -1 -1 -1 -1 -1 -1 -1 -1 -1 -1 -1 -1 -1 -1 -1 -1 -1 -1 -1 -1 -1 -1 -1 -1 -1 -1 -1 -1 -1 -1 32 33 -1 35 
S 33 30 26 25 24 23 22 21 20 19 18 10 -1 -1 -1 -1 -1 -1 -1 -1 -1 -1 -1 -1 -1 -1 -1 -1 -1 -1 -1 -1 -1 -1 -1 -1 
3805022.464
dist Infinity Infinity Infinity Infinity Infinity Infinity Infinity Infinity Infinity Infinity Infinity Infinity Infinity Infinity Infinity Infinity Infinity Infinity Infinity Infinity Infinity Infinity Infinity Infinity Infinity Infinity 444.5153 Infinity Infinity 233.2603 142.1794 155.6258 85.42633 0 205.2419 325.6773 
prev -1 -1 -1 -1 -1 -1 -1 -1 -1 -1 -1 -1 -1 -1 -1 -1 -1 -1 -1 -1 -1 -1 -1 -1 -1 -1 30 -1 -1 30 -1 -1 -1 -1 -1 34 
Q 0 1 2 3 4 5 6 7 8 9 10 11 12 13 14 15 16 17 18 19 20 21 22 23 24 25 26 27 28 29 -1 -1 -1 -1 -1 35 
S 29 30 -1 -1 -1 -1 -1 -1 -1 -1 -1 -1 -1 -1 -1 -1 -1 -1 -1 -1 -1 -1 -1 -1 -1 -1 -1 -1 -1 -1 -1 -1 -1 -1 -1 -1 
3805030.249
dist Infinity Infinity Infinity Infinity Infinity Infinity Infinity Infinity Infinity Infinity Infinity Infinity Infinity Infinity Infinity Infinity Infinity Infinity Infinity Infinity Infinity Infinity Infinity Infinity Infinity 277.5887 218.8086 269.3656 91.644 0 91.08091 156.8494 295.88 233.2603 172.7946 293.23 
prev -1 -1 -1 -1 -1 -1 -1 -1 -1 -1 -1 -1 -1 -1 -1 -1 -1 -1 -1 -1 -1 -1 -1 -1 -1 26 28 28 -1 -1 -1 -1 31 30 30 34 
Q 0 1 2 3 4 5 6 7 8 9 10 11 12 13 14 15 16 17 18 19 20 21 22 23 24 25 -1 27 -1 -1 -1 -1 32 33 -1 35 
S 33 30 -1 -1 -1 -1 -1 -1 -1 -1 -1 -1 -1 -1 -1 -1 -1 -1 -1 -1 -1 -1 -1 -1 -1 -1 -1 -1 -1 -1 -1 -1 -1 -1 -1 -1 
3805038.035
dist Infinity Infinity Infinity Infinity Infinity Infinity Infinity Infinity Infinity Infinity Infinity Infinity Infinity Infinity Infinity Infinity Infinity Infinity Infinity Infinity Infinity Infinity Infinity Infinity Infinity 503.2954 444.5153 496.6843 324.9043 233.2603 142.1794 155.6258 85.42633 0 205.2419 325.6773 
prev -1 -1 -1 -1 -1 -1 -1 -1 -1 -1 -1 -1 -1 -1 -1 -1 -1 -1 -1 -1 -1 -1 -1 -1 -1 26 30 26 29 30 -1 -1 -1 -1 -1 34 
Q 0 1 2 3 4 5 6 7 8 9 10 11 12 13 14 15 16 17 18 19 20 21 22 23 24 25 -1 27 -1 -1 -1 -1 -1 -1 -1 -1 
S 27 26 30 -1 -1 -1 -1 -1 -1 -1 -1 -1 -1 -1 -1 -1 -1 -1 -1 -1 -1 -1 -1 -1 -1 -1 -1 -1 -1 -1 -1 -1 -1 -1 -1 -1 
3805054.604
dist Infinity Infinity Infinity Infinity Infinity Infinity Infinity Infinity Infinity Infinity Infinity Infinity Infinity Infinity Infinity Infinity Infinity Infinity Infinity 449.091 406.321 370.2513 326.0853 268.6411 183.1009 110.9492 52.16906 0 177.7216 269.3656 354.5049 420.0735 Infinity 496.6843 436.2186 Infinity 
prev -1 -1 -1 -1 -1 -1 -1 -1 -1 -1 -1 -1 -1 -1 -1 -1 -1 -1 -1 20 21 22 23 24 25 26 -1 -1 -1 28 26 26 -1 30 30 -1 
Q 0 1 2 3 4 5 6 7 8 9 10 11 12 13 14 15 16 17 18 19 -1 -1 -1 -1 -1 -1 -1 -1 -1 -1 -1 31 32 33 34 35 
S 31 26 -1 -1 -1 -1 -1 -1 -1 -1 -1 -1 -1 -1 -1 -1 -1 -1 -1 -1 -1 -1 -1 -1 -1 -1 -1 -1 -1 -1 -1 -1 -1 -1 -1 -1 
3805068.616
dist Infinity Infinity Infinity Infinity 1428.73 1170.84 1083.851 1044.787 1166.146 1244.978 905.7687 1104.964 968.5964 1147.209 1338.413 1228.744 1282.197 Infinity 815.099 764.8264 722.0563 685.9867 641.8207 584.3764 498.8362 426.6846 367.9044 420.0735 248.4934 156.8494 65.83646 0 139.0306 155.6258 54.88194 175.3173 
prev -1 -1 -1 -1 5 6 18 10 11 8 18 12 10 12 13 13 15 -1 19 20 21 22 23 24 25 26 -1 26 29 -1 -1 -1 -1 -1 -1 34 
Q 0 1 2 3 4 -1 -1 -1 -1 -1 -1 -1 -1 -1 14 -1 16 17 -1 -1 -1 -1 -1 -1 -1 -1 -1 -1 -1 -1 -1 -1 -1 -1 -1 -1 
S 16 15 13 12 10 18 19 20 21 22 23 24 25 26 -1 -1 -1 -1 -1 -1 -1 -1 -1 -1 -1 -1 -1 -1 -1 -1 -1 -1 -1 -1 -1 -1 
3805111.384
dist Infinity Infinity 1134.948 1114.123 994.8075 736.9169 649.9285 515.4218 511.1506 589.9821 376.4284 449.9686 313.6008 134.9877 326.0318 53.45322 0 281.8807 467.0982 517.3708 560.1409 596.2105 640.3765 697.8208 783.361 855.5126 914.2928 966.4619 1041.457 1133.101 1216.629 1282.197 Infinity Infinity Infinity Infinity 
prev -1 -1 4 4 5 6 11 12 11 8 12 12 13 15 15 -1 -1 -1 10 18 19 20 21 22 23 24 25 26 26 28 26 26 -1 -1 -1 -1 
Q 0 1 2 -1 -1 -1 -1 -1 -1 -1 -1 -1 -1 -1 -1 -1 -1 -1 -1 -1 -1 -1 -1 -1 -1 -1 -1 -1 -1 -1 30 31 32 33 34 35 
S 2 4 5 6 11 12 13 15 -1 -1 -1 -1 -1 -1 -1 -1 -1 -1 -1 -1 -1 -1 -1 -1 -1 -1 -1 -1 -1 -1 -1 -1 -1 -1 -1 -1 
3805149.232
dist 213.0943 120.3385 0 70.47286 140.1408 398.0315 485.0199 622.5474 623.7981 702.6296 761.5657 684.9797 821.3476 999.9607 1191.164 1081.495 Infinity Infinity 753.7723 804.0449 846.815 882.8846 927.0507 984.4949 1070.035 1142.187 Infinity Infinity Infinity Infinity Infinity Infinity Infinity Infinity Infinity Infinity 
prev 1 -1 -1 -1 -1 4 5 5 6 8 7 6 11 12 13 13 -1 -1 6 18 19 20 21 22 23 24 -1 -1 -1 -1 -1 -1 -1 -1 -1 -1 
Q 0 -1 -1 -1 -1 -1 -1 -1 -1 -1 -1 -1 -1 -1 14 15 16 17 -1 -1 -1 -1 -1 -1 -1 25 26 27 28 29 30 31 32 33 34 35 
S 15 13 12 11 6 5 4 -1 -1 -1 -1 -1 -1 -1 -1 -1 -1 -1 -1 -1 -1 -1 -1 -1 -1 -1 -1 -1 -1 -1 -1 -1 -1 -1 -1 -1 
3805185.306
dist Infinity Infinity Infinity Infinity Infinity Infinity Infinity 461.9686 Infinity Infinity 322.9752 396.5154 260.1476 81.53447 272.5786 0 53.45322 335.334 Infinity Infinity Infinity Infinity Infinity Infinity Infinity Infinity Infinity Infinity Infinity Infinity Infinity Infinity Infinity Infinity Infinity Infinity 
prev -1 -1 -1 -1 -1 -1 -1 12 -1 -1 12 12 13 -1 -1 -1 -1 16 -1 -1 -1 -1 -1 -1 -1 -1 -1 -1 -1 -1 -1 -1 -1 -1 -1 -1 
Q 0 1 2 3 4 5 6 7 8 9 10 11 -1 -1 14 -1 -1 17 18 19 20 21 22 23 24 25 26 27 28 29 30 31 32 33 34 35 
S -1 -1 -1 -1 -1 -1 -1 -1 -1 -1 -1 -1 -1 -1 -1 -1 -1 -1 -1 -1 -1 -1 -1 -1 -1 -1 -1 -1 -1 -1 -1 -1 -1 -1 -1 -1 
3805185.33
dist 1294.589 1201.834 1081.495 1060.67 941.3542 683.4636 596.4752 461.9686 457.6974 536.5289 322.9752 396.5154 260.1476 81.53447 272.5786 0 53.45322 335.334 413.645 463.9175 506.6876 542.7573 586.9233 644.3676 729.9077 802.0594 860.8395 913.0086 988.0042 1079.648 1163.175 1228.744 1367.775 1305.355 1244.889 1365.325 
prev 1 2 4 4 5 6 11 12 11 8 12 12 13 -1 -1 -1 -1 16 10 18 19 20 21 22 23 24 25 26 26 28 26 26 31 30 30 34 
Q 0 -1 -1 -1 -1 -1 -1 -1 -1 -1 -1 -1 -1 -1 -1 -1 -1 -1 -1 -1 -1 -1 -1 -1 -1 -1 -1 -1 -1 -1 -1 -1 32 -1 -1 -1 
S 32 31 26 25 24 23 22 21 20 19 18 10 12 13 -1 -1 -1 -1 -1 -1 -1 -1 -1 -1 -1 -1 -1 -1 -1 -1 -1 -1 -1 -1 -1 -1 
3805230.953
dist Infinity Infinity Infinity Infinity Infinity Infinity Infinity Infinity Infinity Infinity Infinity Infinity Infinity Infinity Infinity Infinity Infinity Infinity Infinity Infinity Infinity Infinity Infinity 723.407 637.8668 565.7151 506.935 559.1041 387.524 295.88 204.8671 139.0306 0 85.42633 193.8273 314.2626 
prev -1 -1 -1 -1 -1 -1 -1 -1 -1 -1 -1 -1 -1 -1 -1 -1 -1 -1 -1 -1 -1 -1 -1 24 25 26 31 26 29 31 31 -1 -1 -1 -1 34 
Q 0 1 2 3 4 5 6 7 8 9 10 11 12 13 14 15 16 17 18 19 20 21 22 23 -1 -1 -1 -1 -1 -1 -1 -1 -1 -1 -1 -1 
S 23 24 25 26 31 -1 -1 -1 -1 -1 -1 -1 -1 -1 -1 -1 -1 -1 -1 -1 -1 -1 -1 -1 -1 -1 -1 -1 -1 -1 -1 -1 -1 -1 -1 -1 
3805255.081
dist Infinity Infinity Infinity Infinity 844.3541 586.4634 499.475 460.4106 581.7698 660.6013 321.3923 520.5878 384.22 562.8331 754.0367 644.3676 697.8208 Infinity 230.7226 180.45 137.6799 101.6103 57.44425 0 85.54015 157.6918 216.472 268.641 343.6365 435.2805 518.8078 584.3763 723.4069 660.9872 600.5215 720.9568 
prev -1 -1 -1 -1 5 6 18 10 11 8 18 12 10 12 13 13 15 -1 19 20 21 22 -1 -1 -1 24 25 26 26 28 26 26 31 30 30 34 
Q 0 1 2 3 4 -1 -1 -1 -1 -1 -1 -1 -1 -1 14 -1 16 17 -1 -1 -1 -1 -1 -1 -1 -1 -1 -1 -1 -1 -1 -1 32 33 -1 35 
S 33 30 26 25 24 -1 -1 -1 -1 -1 -1 -1 -1 -1 -1 -1 -1 -1 -1 -1 -1 -1 -1 -1 -1 -1 -1 -1 -1 -1 -1 -1 -1 -1 -1 -1 
